1.3214117 1.1430995 0.28005254 0.232648 2.1472557 0.037327748 1
1.3436197 1.1398151 0.2668465 0.25422004 2.1582625 0.027884286 1
1.3439631 1.0941958 0.2939959 0.2245998 2.174215 0.034031026 1
1.2929015 1.1117163 0.26963696 0.2359387 2.1734297 0.032617755 1
1.3038579 1.0829045 0.25579396 0.20419106 2.1814492 0.03514958 1
1.3599732 1.1567767 0.35504812 0.24138302 2.2439919 0.029551169 1
1.3542365 1.1543492 0.35946938 0.24638028 2.2691987 0.028562294 1
1.4792616 1.530662 0.5715679 0.06829238 2.0899966 0.04914943 1
1.4494666 1.4987191 0.56607777 0.0642502 2.090129 0.046343297 1
1.4514803 1.4889774 0.53494745 0.05697257 2.0985248 0.050252013 1
1.3529679 1.5076468 0.36868876 0.067051284 2.120801 0.04383882 1
1.2885325 1.4780188 0.400392 0.09645408 2.1594632 0.04666001 1
1.3461021 1.4299686 0.47371218 0.32184735 2.1899319 0.040277787 1
0.3022507 0.39620748 1.2207056 1.2205114 2.7041385 0.019186703 0
0.21765693 0.30738953 1.2529681 1.2609767 2.656472 0.014766102 0
0.24399376 0.33417463 1.2253108 1.2608085 2.662321 0.016297366 0
0.20230089 0.32464457 1.2448541 1.2554861 2.6647005 0.018390385 0
0.25982848 0.30510882 1.248829 1.2313359 2.6929183 0.021724828 0
0.3079072 0.3683027 1.237727 1.222925 2.6949835 0.01870852 0
0.25364918 0.3722243 1.2255535 1.2451718 2.692373 0.016573004 0
0.28031746 0.35534275 1.237322 1.2343634 2.7064595 0.017564783 0
0.25360593 0.33750623 1.2453126 1.2449958 2.6868083 0.011378167 0
0.33503187 0.38044828 1.2137022 1.2256738 2.7091436 0.013083844 0
0.23689555 0.34769106 1.2345344 1.2477494 2.687822 0.0097778635 0
0.26535374 0.38302776 1.2512408 1.2106103 2.6925645 0.019399885 0
