0.60190946 0.6407303 1.3629586 1.4421103 2.5124233 0.05268619 1
0.5352038 0.6673159 1.422542 1.3967965 2.5266647 0.039843213 1
0.53282577 0.6662175 1.4367038 1.3942555 2.522934 0.045730684 1
0.5450708 0.6473608 1.4255003 1.4059838 2.5180888 0.046083964 1
0.5539533 0.6450628 1.4226397 1.393273 2.5206754 0.043292757 1
0.5740052 0.63671327 1.4015188 1.4015559 2.5185447 0.0469784 1
0.5483963 0.6596116 1.4341635 1.3686694 2.5341058 0.04094867 1
0.57993394 0.6403517 1.4028555 1.4051149 2.5117545 0.04752229 1
0.583399 0.6398898 1.3988556 1.4089183 2.5145593 0.04725302 1
0.618328 0.6335807 1.4565599 1.3298554 2.5239093 0.04035321 1
0.63160694 0.59172297 1.418128 1.373407 2.532115 0.039165583 1
0.607673 0.6477317 1.4301561 1.3410541 2.5332525 0.03637814 1
0.2489329 0.3090153 1.3639004 1.4039804 2.6616528 0.009549649 0
0.2585692 0.30029023 1.353965 1.4057971 2.6618228 0.010658683 0
0.25928852 0.3029126 1.3593191 1.4042474 2.6595533 0.007008169 0
0.24352899 0.30241588 1.3673202 1.3999072 2.6527057 0.010230673 0
0.24003762 0.31958735 1.3806125 1.3895369 2.654062 0.011209277 0
0.2582926 0.29828864 1.359137 1.4019321 2.6547763 0.009095703 0
0.24821067 0.3270627 1.3605433 1.3956549 2.658445 0.0068707396 0
0.26541963 0.33338812 1.3570032 1.3927184 2.6654558 0.010137025 0
0.26104763 0.32385245 1.370497 1.395715 2.6601746 0.00857628 0
0.2621449 0.3376995 1.3584602 1.4042605 2.6638505 0.0043399422 0
0.24853897 0.3140305 1.3663529 1.408586 2.6451175 0.0077819424 0
0.3296094 0.32950056 1.3509068 1.4055363 2.647676 0.00633827 0
