1.9781436 1.300843 0.3590598 0.34259012 2.5856454 0.24510354 1
1.8862209 1.2496636 0.648983 0.3065186 2.4711795 0.29524451 1
1.8217082 1.5523348 0.3635998 0.2837233 2.604772 0.035034057 1
1.728818 1.5457925 0.3224855 0.25123078 2.602026 0.025634306 1
1.6791514 1.5374469 0.37225708 0.20059547 2.601583 0.015961068 1
1.7063059 1.4783334 0.29032758 0.3163934 2.605364 0.026727226 1
1.704473 1.5764391 0.3066981 0.22532125 2.5964825 0.020432461 1
0.33455586 0.4371446 1.3922038 1.27105 2.6862357 0.04380753 0
0.32999095 0.53269386 1.3842672 1.2504978 2.6812987 0.04497606 0
0.34156236 0.40956077 1.3792672 1.2988839 2.6751597 0.04614215 0
0.3399154 0.46823886 1.3841281 1.263564 2.6637452 0.045555633 0
0.36908185 0.413142 1.3776432 1.2846603 2.6688209 0.043823857 0
0.3815415 0.43881887 1.3571239 1.2860106 2.6693454 0.047030408 0
0.35536143 0.4763083 1.380986 1.262537 2.6671176 0.05050531 0
0.34980246 0.6197547 1.3907616 1.2219104 2.6628108 0.040243726 0
